3,2
3,1
3,3
10,142
10,242
10,280
10,223
10,158
10,286
10,96
11,24
9,5
8,6
8,18
8,15
8,16
8,2
8,3
35,4
35,3
35,2
35,1
35,0
33,5
33,4
33,3
33,2
33,1
33,0
29,4
29,3
29,2
29,1
29,0
28,4
28,3
28,2
28,1
28,0
20,3
20,2
20,1
19,3
19,2
19,1
12,3
12,2
12,1
11,30
11,29
11,28
11,27
11,26
11,25
11,23
11,22
11,21
11,20
11,19
11,18
11,17
11,16
11,15
11,14
18,1
11,13
18,3
11,12
11,11
11,10
11,9
11,7
14,1
11,6
14,3
11,5
11,1
13,1
11,4
11,3
13,3
11,2
10,302
10,298
10,291
10,177
10,166
10,153
10,1
10,102
10,3
10,2
9,7
9,6
